5000     843    3803    -124      51     538    3986    2186    3566     815    3727    2943    1312     948    -143    3719    3903    4113    -332    1409     596     486    3448    
3588    2272     778    3750     401    3565    4215    3243    2396    2578    2122    1577    4138    1597    3113    4227    3887    3517    3298    2650     349    1455      99     
445    3299    3148     995    4405     859    2314    3994    2498    2377    1073    -315    2827    2115     942     490    3590     424    -368    1149    3887     679    2086     
478    3982    2035    1797    3246    1300     -65    2361    2292     -17    3424    -289     102    2331     549    2204     719    -180     463    3993    2202    -353    3464    
1676    1853      21    2858     304    1089    3430     399    2181    4123    2161      74     794    -380    4286    3179    2387    2073    1082     933    4387     -22    3633    
4388    2913     736    1965      10    1067    2925    -404    3107     573    -320    -147     230    1595    2975    2623     778    4237    2045    1492    2306     332     454    
1344    3444     592     187     619    2920      92    2657     354    2904    4384     711    4021    -215    4206    2557    2976     527    3909    3028    2026    2973    2211    
-227    3185    3773    3826    1726    3257    3192    1860    -250    2218    1669    3584    4362    -227    3846    1357    3366    1591    1768    1015    2497     -40      79    
2004     420     516    2361    1894      57    2782    4167    2690    1697    1955     -36    2520    4355    3267    2907    3883     589    2807    3334    3607    1350     320    
3904      70    1457     -53    1564      57    2986    4242    3900     800    3209     127     -13    2393     681    2573    3524    1775    2787    2972    3943    1916     300    
4103    4137    3652    -472    2543    1670    2886     206    2182    3636    2484    2603    4225    3809    1273     207    -315    4379    1987      -5     -76    3349     886     
483    4236    2628    4036    3713     798     971    3915     836    3588     135      89    2218    3036    2111    4211    1831    2217    -207    2454    2241    3390    3226    
2836     671    1553    3465     569    3479    2482    1051    1687     876    2410    1428    3739     851      94    -138    2251    1114    -476    4022    2984     290    2958    
3010    2786    -244    4263    2450     938     267    1759    1260    3485    2976    2929    1837     -25    2505     355    1683     410     515    4206     970     -26    1599    
1445    2133     269    4389     670    4335    3419    4483    4182    2589    4314    2172     432    3376    1747    1970     453     852     927    2651    1310      93    3112     
803    2832    1403    2683    2956    1124    2394    3016     941    3437    2405     -46    2489    3978    1835     458    4024    4170    2152    4340     228    3654     642    
3535     235     101    2459    1492    3255    1471    1168    -315    2003    3957    2775    4114     571    2225    2169    1964    4269     977      39    2205    2542    3072    
2552    4079    2258    -390     542    3840    2558    1475    4486    3054    3977    -213    1321    1037    3728    -433    4015    -256     885    1783    -152    1510    -297    
3545    3582    3596    1446    -123    2036    3372     -51    2976    2094    4362    3527    1300    -150    1066    1069    1093    4429    -354    2838    2249     989    2094    
1987    3488    3530    3502     886    3893    4489     339    2080    3771    4478    2503    2128    2666    2186    3027    2604    1101    1190    1920    1300     296    2365    
-367    2980     659    2639     987    3128     335    3087    2281    -222    4472    1731    2396    2855    4157    3971    3447    2483    1154    1251    2454    2326     681    
1456    2992    1377    4473    2502    -414    2557     289    3798    2857    4103    1818    3544      98      15    -302    3338    3949    3767     -43     183    1388      55     
748    -199    1024    2644    1680    4082    4021    2228    2380    -358    2624    1826    3218    3667     343    3412    1248    2724    4358    3384    3502    -299    3573     
973    2745    3834      89    2900    2684    3674    2533    4424     403    2801    1822    1418    3490    3426    3453     266    2923    3259     336    2178     287    1606    
1518     997    4306    1301    -114    3689    1976    3898    1091     470    3843    1554    1483    1993    1063     143    -217    4072    3936    4450     615    1188    2546    
2756    2792    3429      -5    -305    1381    2551    2446    3072     205    1593    2899    2219     418    3835    2131    2536    1155     910     766    3137     110    1584     
772    1858      47    2042    3001    4458    1921     530    -446    2546    1253    3836     880    2593    1876     427    2498    1452     -40       6     152    1916    1504    
1883      29     229    3094    -170    2393     900    3796    4029    2614    2839     509    1313    3104    -396     -33    3120    3128     517    2840    1549     792    3513    
4082    2377    2773    -178    3726     201    2519      32    3850    -332    1694     674     305    3334    2662     112    2119     856    1625    2539    2173    1053    2868    
3814    -101    2901    4215    3122     219    3643    2443    -185    2934    2032    -144     240    3027    2176    -331     118     162    3588    3159    3764    -243     797     
767    2510    3564    1357    2432     769    -314    4128    -457    -497     253     488    1759    3287    -157    -476    1874    3805    3816    4308     564    4312    3394     
101     620    1593    3237    1642    1760    3955    2727     797    2613    1075    3924    2442     857    3873    2388     853     767     146    1673     832    -377    4397    
3320    2489     525    3140    1594     883    4186     -17    1057    1689    1139    2953     303    1713    3678    -124    1811    3312    3509    1047     953    -265    1772    
2156    1629    3997    2586    4124    1872    2131    -247     542      41    2559    3565    2465     887    1914     959    -413     873    3830    2366    1228    3611    1106    
2733     193    4160    3162    2125    2200     271     -79    3210    3565    4323      42    3709    -203    1848     994    1603    2998    1044     530    4464    1312    2602    
4016    1800    4157     516    4472     706    2692    2275    2331     429     730     984    -297     689    2358    2518    4348    1720    3606    2760    1683    1026    1839    
3353    3844    2803    2974    4144    3297     818    3241    1713    4484    4288    3976     909     747    3971    -180     363     144    2248    2828    3293    2763    1435    
2171    1753    3877    3968    1533     666    1585    1365    3827    2605    -410    1074     594     299     425    1428    1244    1280    1764    -104     369    2906    3355    
3763    4492    1236    -169     194    2956    3899    -155    4310    1131     113     -23    -395    2762     511    2390    -489    2065     258    3526    2400     143    1235    
1961    -378    4383    2740    2183    2470    3768     233    2191    4114    2461    3144    1739    1587    3585     661    -442     916    -154    3712    2068     356    2559    
2070    2967    2464     674    2615    2504     446    1552    3318    2502    2827     687    2424    2916    2966    3001    3667    3227    1373    4050    1060    2074    4105     
291     982    1316    -282    3552    -203    1137     399     961    2231     922     -43    2923    4096    1339    2229    3138    2677    1516    3405    1302    4344    1213     
424     856    1472    1639     341    1116    -222     -73    2080     129    2559    1282    2484    1898     148    -431    2950    3951    1057    1348    1208    3808     949     
469      32     594    1572     -93     715     879    4216    -128    4206     873    1087    1191    1665     257    3244     559    4042    1241     373    -444    2000     -43     
738    2252    3132     889    4093    1833    2949    3893    1222    -132    -420    2228    1021    2827    4447    4227    -260    3960    2473     401    2054    -140     470    
2270     159     -51    1511    3723     -55    3614    1006     493    2627    3931    2080    3190     927    3717    3673    4385     975    4208    4449     452    -330    3758    
4195    4202    2127    3795    1920    -102     208    1719    1248    2858     811     564    4045    1737    1824    3014    2404    2493    4123    2799    2292    4243       0    
-408    4156    3474    1748    4270    1750    -478    3911    -186     281     859    3882    4160    3752    3481    3110      70    3999    -409     169    3413     528    1880    
2344     323     704     927    4182     346    4241     596    -336    2056    4217    3908    4273    -397    4031    -475    4264    3314     830    1842    2826    -219     923     
734    1731    1815    1615     106    2223    1317    1720    2791     613    3319    -270    2774    2061    2465    4230    4378     490    3727     728    1835    3445    2437    
2457    1621    2989    -395      99    4032    2379    2047    1611    -246    3387    3093    3516    1579     574    3452    4046    1023    1762    3428    1562    4292    3224    
1792    3496    1979    3836    3488    1884    1880    -463    2844    1227    -466    2964    1117    3046    1442    3085    1995    3954    1451     924    1161     544    1420     
279    1139    -357    3152    1445     422    1744    -464    1491    1311    3570    3972    1645    3996    2706    3477     656     148    3240    2282    2804    2695    1160    
4362     393    -482    2026     108    3150    2515    1097    4235     936    -127    2652    4142    1583    3355     731     129    2446    4196    2882    1295    2513     437    
1814    3459    1477     589    2017    3179    3235    3155    -463    -242    3683    3847    3075     175    1523    2282    3514      38    1029    2612    1766    1962    2362    
2760    1587    1289    3086     -80    -383    2675    3994     531    4429    -115    3193    1229    -133      66    -283    3107     198    2910    1548     277    1000    4324    
3086    -161    -281    3702    3517    4315    4017    3446     480    4090    3939    4088    2729    1588     818    3305    1162     786    1646    2120    -260     118    2307    
1800    1309    4020    1674     317    3316    3135    1083    2750    -351     698     101     676    2675    2726    -172    1413    3646    2410    4175    3982     163    -445    
2753    -228    1421    4001     939    2181     252    2704    3736     998     804    3540    -175    3834    1837       5     973    3726    3219    -361    -337    3933    2185     
411    4296    3024    1322    3340    1894     578    2052    1257    2510    1229     562    3028    2928    2305    2794    4492    4346    3024    1088    2059     -87    1074    
2502    2206    2913     397    2698      81     393    2185    4477    3043    -247    4402    1728     246    2607    3653    2587    2321     860    1832      73     766    4388    
3792    4313     -43    3295    1225    2770     528     -64    2048    3529    1508    2227    3842    1806    -277     -78    4340    1321    3938    -461    1496      79    2686    
1689     429    4392    3908    1359    4404     701    1427    2517    2082    1858    2703    3126    3427    3052    -467     193    2064    2486    3113    2046    2365    3267    
2412    1390     206     665    -154    3063    2191    3092    1096    -424    4087     675    1315     709     372    2261    3032     444    3094      50    1881     434    -331     
848    -400    4120     874    4073    -125    4293    2056    4249    1284    -394    2454    -272    2977    2091    -323    -273    2740    3213    3544    3634    3819     363     
938    -307    1173    3993     803    -208    -159    2788    1191    3163    2773     355    3065    4147    2770    1913    3588    3043    3136    3414    -176    4338    4299    
3286    2057    3183    3895    3765    4471    4108     783    4379    -491     372    4011    -303    1076    3235    1046    1898     681    2708     428    1067    -294       4    
2630    2356     269    2002    4059    4349    1580    -470    3066    2008    3221    4153    3301     554    1561    2479    3996    3529     369    2673    3537    4057    1755       
3    2237    3033    3757    1776    2339    1535    1245    1904    3107    2305    2345    1720    1319    1512    3226    1375    2606    2353     -46     312    1846    1267    2053     
831    1279     655    3613     772    3073    4063    3990    -353    3841     692    1708    2363    1995     966    1656     852     -99    3661    2550    1472    1484    2715    
3454      85    2359    3453     294    2069    3513    3403     502    1346    1329    2274    1317     713    1028    3946    -177     365    2631     522     483    2540    3170    
-421    3829    2624    1229     774    2912     898    -194    1866    2361    4341    1161    2013    3162    -436    2571    1978    -203     964    -180    1439     -29    2713     
905    3199    1015    3973     641    2487     935    4076    2740    1919    1220    3047    -441    3922    2798    2932     847    2605     899    1892    1782    1111    4214     
910    2018    3468    3433    2281    1748    1837    4147    -275    2551     833    4139    2112     322     287     302    1307    -251    1445     746    -473    -429    4046    
3222    2995     369    3196    1590    1390    1709     235    2957    1700    3272    1013    4035     706      39    3155    1436    2241    -332     896    1905    3722     958    
2028     -47    1264     722    1344    1929    3823    2388    3726    2393    4422    3452    2661     479     489     187    1587    1117     743    2114     870    3122    2862     
383    2679    3617    4361    3559    4233     746    3750    1325    2137    4372      38    1245    1614    2292    1087    1052    4419    2518     152    3879    3170     346     
175    1500    2615    2250    2070     884     107    2133    1241    2348    3155    4089    1096    3146    1497    -347    3123    3600    -462    1405     408    3771    2383    
4004     129    2238     -62    2854     657    -231    3675     160     367    -488    -181    2610    3174    1914     558    -307     106    1715    1893    1543    1930    1214    
2414     249     -38    3528    2060    3741     709    1689    3490    1780     -47    4237    1178    4011    3135     448    -195     790    1751    3446    3783    3257    -486    
2233    4022     136    2646    4088    1125    -107     628    1917    1295    3137    2039    1826    2122    1655     -43    -352     306    2018    2530    1174    2108    3498    
1935    -410      -6    1962    3875     -68     480    3428     253    4497    3711    3279    4376    -264    -389    4447    1297    -460    3799     470     510    1849    3635    
1997    4216     113     811    3202    1835    3487    1994    2535     248    -411    2876     466    4485    1278    3808     146     267    4191    1954     434    2795    -309     
491    4344     696    3493     -53    -209    -133    3500     183    3432    4229    1197    3918    2544    4117    -356    3883    4093    3039    2190     923    -383     122      
20    4388    4089    3381    3067    4144    1687    3285    3100     403    1219    1792    -420    3376    4110    4154    3390    4434    2926    4283     715    4052    3882    
4430    4118    4335    2205    1233     374     326     -42    2958    -299    -392    1701    1873    3835    3941    4411    1267     826    -172    4138    3574    2487    1869    
3246    4444    1251    3816    3491    2332    1509    1969    1821    4412    1620    4404    2514    2148    1480    2139    1222    3889    1903     -90    3554    2218    1110    
-282    3045     603     289    -302     771    2113    -446    4100    1400    2544    2596    2430    3168    1370    3013    1835    2134    1313    2559    1870    4073    1181    
1592    -334     543    1875    -451    1346    3970    2084    3599    2264     106    3252    1570    4258    -179    2864     764    2657     997     963    2629    4222     272    
2054    4069    -447    3402    3273    -226    -281    2401    -259    1164    2092    1904    -468    1415    4364    1877    3584    2549    3738    3464     167    -240     172    
-306    4236      11    3301    2762    4132    1409    2402    -124    1574    2000    2331     -83     851    1504     874    3782    4434    1901    4382    1856     -30    2943    
3852    2929    2768    1433    2861    -134    3456    3552    1872    3438    2394    2599     480    2056     866     258     112    1551    3777    2919    -481     815    -196     
616    4182     817    2501    -106    3409    1468    -113    3256     435    2866     372    1900    1372    -306    -219     102    3171     -89    2322    3994    4092    1459    
3081    4426    2345    3363     539    3304    -329     488     109      72    1639    4225    3496     -12     347    -461    3907    3453    3017    2133    3815     959    1725    
3001       9    1116     118    1207     131    -164    2495    -395     760    1996    4113    2101    4384    2810    3878     216    1254    -339    1872     898    2227    1426    
4306    2053     177    1145    2574    1740     448    4429    1044    1774     124     202     104    1339    1618    2184    1773    1257    3168    4052    -130    -225    2362    
3340     345    1069    3753    3962    -124    3200    2935    -280    2221    2894    2199    1240    2202     376    2046    1627    1317    3451    3370    1472    2220    1160    
2081    2035    1247    3653    1318    1087    4174    1346    1163    4360     208    3049    1933    1580    2985    -482    -265    -218      -9     795    1925    2981    3405    
2780     562    1310     850     698    3662    4388    3859    -457    2369    3065     238    4078    1688     662    3614    3728    3498    4469    -382     489    2959     609    
3119    1065    3292     306    -138    2551    4100    3227    3646    4345     117    3870    1967    2426     234    -141    3579     804    1201    1643    1080    3702    1186    
1321     -26    1016     713    4212    3058    3698    2112     361     250     -65    3765    4397    4069    2477    1850     996     135    1990     252    -223     -40    1064    
3547    2592     203    3387    3719    3079    3382    2659    3366    2751    -350     981    1667     153    2927    1853    4319    4340    2142    3397     -14    1451    -275    
3113    3522    3246    -125    1273     424    4264    3284    1075    2438    -306    3180    -218    1302    4136    -457    1387     894    2191    4325    2807    2852     187     
358    2147    1929    4461     330    4456    -108     284     -47    2187     778    1913     954    -246     751    3281      20    3732    2526     509    4190    2701    2623    
1780    1507    3205    4260    2095    2884    1080    -237     112    2295     188    3745    1530    2352    3647    2217    3512    1278     818    2933    2197      97    1605    
4012     679     561    3135     865    2733       0    2516     957    3185    3788    3147    1753    4044    -415    1031    -478    1442    -177    1636     298    1963     230    
2091    4423    3183    2264    2977    2548    2099    1448    3484    3891    1653    1571    3482    1848    -252    1569     925    2747    1990    2725    3046     667    3905    
3471      21    -248     480    2731     106     378     761     203     795    1883    2654    3402    1193    2270    3206    1624    1642    4479    2439    1180    2592    4357    
4227    4410     882    2405     805    1992    2870    -227    3243    4052     281    3694    3627     356    1312    3812     734    3705    1205    3316    -276    3244    3515    
2921    2727    1001     289    1014    1251     441    1670     169    2986     188    2776    3380     -39    4370    3297    3029    1983    3212    2904    1587    3960    3639    
3459     492    2974    -398    2007    2474    1007     797    1713    2841    1778    1266    1209    1885     478    1022    1333    3611    3076    -413    1852     459    2516    
-250    -442    -444    2319    3385    3080    3280    4039    3464    3892     653    3580    2664    2180    1073    2574    4156     744    3479     -75    4202    -378    1874     
122    4161    3879    2460    4135    1403    1896    3336     519    4400    1508    -159    3878    1970    1589    2112     -16     226    1992    1403    1629    3309     295    
2983    1821     392    4453    1233     957    1742    1300    1656    2494     867    1807      96    1987    2914     154    1412    2500    1481     -25    3213     130    2001    
2538      31    1780    -343    3317    4497    3403    3575      68    -343     605    1693    2537     540     -62    2252     935    3544    3155    3367    2585    3909    3489    
1479    3515    -136    2237    2805    4326    1556    1046    4067    2353    3966    -138     -96       3     372    2859    4355    2165    1814    -375    2748    3749    3218    
1478    3086    1745    3488    3108    2807    -324     -48    2630    2394     931    1943    3753    1847    1312    4269    2015    4481      13    3449    2913    -149    2406    
3419    3355    3876    2248    2386    4043    4387     355    4057    4281    4371    1345    4323    2241    3205    -196    3835    2881    3002    2101    2548    2577    3013     
147    4492    4000    -302    3547    4489    1947    3698    1998    3514     626    2435     281     688     378    3466    3849    2658    1926    4054    3859     261    4018    
1647    1475    2895     792    3048    2392    3023    3244    2146    3839    1563     -46    1981    2764    -307     617    1782     514    3798    1999    3377    1081    2858    
-375    4009    1901    1528     -98    4200    3281    2643    1424    -258    -248    -414     843    1284    4020    2223    3053    3295    1776    -261    2473    1328    3250    
-367    1786    2656     346    -296    1879     325    1119    3544    1634    -408    1574     415    3893    3529    3098    1936    4156    1315    2268    1133    1538    3327    
3475    3822    2070    1723    3557    3157    2717    3634    1604     478     345    1411    1190    4229    3461     667    1570    3837     751    1980    3777    1904    4323    
1214    2144     975    2065    1367    1503     447    2760     765     195    -127    4386    3173    4079    2059     567     111    1928    2860    2278    4251    2938    4477    
1710     281    2619     453    2688    1022    3973    3252    2131    1925    1722    4467    -153    1266    3302    3263    4363    1515    1497     614     615    4378    -136     
247    1032    2960    3564    1995     -19    4323    -170    4422    2585    -478    4011    1172    2654     778    4140    4488     815    2122    3963    -266    2988     203    
1644    1554    1026    1425    3753     536    1659    -173    1643    3804    1917    2285      87    4058    3828    3788     840    3947    3509     448    1849    1519    -260    
1915     977    2744    -287    2599    1443    3706     -41    2888    -333    3179    3349    2137    -184     684    3703    -228    3198    1062    2729    4269    -457    3805      
-8    2144    1333    4114      95     308    1653    2700    2541     340     361    2850    3541    2278    3049    1182     647    3506    1930    2790     202     187    2691    
2221    4476    4496    1431    3812    -159     584     933    3441    -494     808     951    3701    4121    1267    2655     787    1046    2090    3057    4179    3182    3253    
1089    4310    1063     912    2945    3981    2324    2366     478    1237     754    -173    2709    -224    2901    4068    1963    2749    3587    3937    2763    1972    2748    
1393    3354    2151    -242    4470    1676    3728    2717    2084    -341    3345    4272      80    1938    2696    2170    2323    2528    -194    2115    3892     438    1317    
2498     641    3025     456     200     502    3660    2712    4001    1882    3319     148    2079    3439    3882     470    2715    2340    4252    3643    2593    -188    3876    
1879      13    3426    1886    3297     944     141    3902     410    4065    2471    2436    1858    1876    2616     999    -498    3488     546    1236    3054     941    2248    
1848     936    -230    3396    2637    3908    1036    1674    1731    2378    1291    2863    3960    3939    3687    1600    3345    -144    3048    2398    2932    2690    -220     
108     500    2243    2374    1541    4216    3248     682    1329    2971    1059    2277     473    1953     689    1997     214       8     100     202    2002    1448     622    
3358    1391    1301     742    1311    -401    4406    4252    4023    1348     393     -51    1606    1349    3342    2647     179    4432    1819    4267    2486     935    2089    
4127    1200    4396    -491    4411    -439    2997     519     -38    3292    4488     181    1171    -197    1508    2893    -222     241     323    1808    -245    2386    1009     
471    4391    2226    1012    3352     821    -226    1830     290     -46    -107     308    3354    2794    1886    1643    3234    3604    2148     737    1102    1212    2461    
1988     814    2054    2400     -39     427    2210    2894    -398    1290     778    4164    -131    2368    3406     181    3687    2025    2734    3279     113    4259    1747    
1763    1485    1227    1794     171    4111    3974    4124    1382     746    3465    2302    1873    1706    4375    2805    1264    3971    -386    2447    -236    4028    4219    
3973    2208     558    3100     370     226    2246    3048    3940    4430    4172     631    3176    1688    3229    3829    3824    3227    4001    1754     290    2749    1348    
3369    -257    -195    -277    2935    3815    2350    1892    1767    1830    3842    1312    3023    -157    4192    2864    3428    1619     633    1063    3254     860    3869    
3117    3409    3595    1879    1410    1189     710    3408    1089    4110    2970     472    3437    4232    -240    4188    -385    3588    2980     845    2182    -384    4209     
429    3550    3005    1255    2724    1087    4005    -275    1729    3218    1992    1059    2364    4228    2124     799    4333    2878    1930    4459    1600    1165      17    
3552    2108    -257    3436     716    1292     554    -120     854    4420     260     562    4451    2007    -152    -426     -19    4386    1657     484    4390    1004    -267    
1239    4211    2181    2977    3689    -265     865    3151    -363    1047    4388    1107     948    2459    1356      13    2112     982    1574    3522    -427      95    2340     
-25    3352    1983    2560     754    2743    -221    1830    1892    4288    1138      97    2796    1919     646    -483    -181     825    1113    3883     -41    3603    2850    
2345    1639    4270     366    3164    -107    2974    2761     -17    2739    1619    2286    2336    3786    3168     150    4247    3282      82    -314    4283     959     218    
4406    2847    3996    1507    2317    2406    2353     -72    3089    3984    1548    3579    1346    3528    -351    4188    2365    -310     905     957     954     160    2999     
529     128    1940    3259     731    3489    1818    1636    -100    3861    1917    4408    2849     860    1353    2793    3956    1529    3958    -310    2405    1076    3500     
741    4391      68    2068    2837    1939     121    4101    3873    3054    2254    3036    2374    3132     592    -278    4112    2883    4022    1527     398    3557    -236    
3591    4113     939     513    3694    -116     363    1016     112    4001    1037     426    2172    2853    4047    3802    1353     631    -244    4449    1520    3044    1711    
3563     269    3620     845    -155    4445    2914     436    4299    1580    3618    4301    4469     395    1124    2684    2688    2532    -420    2621    -201    4350    2838    
1855    3950    1991    3006    3018    3729    -110    1472    2408     872    2569    3408     610     252    1876    1738     185    3679    1758     469    3846    4248     333     
115    -169    -334    4257    -345    -292     997    3344      92    2452    2767    3972    4249    2433    1178    3069     813    2920    -490     369    3070     798    3422     
186    3968    2451    3986     168    4325     219    2714    3376      69    3355     822    1555    2378    2197    4192    1641    1445    4118    1264    4395     398    -124    
3153    3571     597    4189    3858    1131    3119    -279    3307    3880    3752    4131    2361    4341     227     611    1589    3784     748    3021    -167    3159    2081    
2848    4066    3066    3606    1256    4069    2005     782     842    3759    2909    2394    3140     818    1342     813    -476    2417    -179    3264     -74    2434    1422    
-261     721    -461    2236    -238     165     914    1207     717    2045    3212    2637    -225     562     488     943    -206    2033    3561    4253    1735    1672    1177    
3090    2227    1586     845    2702     -58    4135    1013    2554    3329    2958    1515    4124     104    2308     830    3435     565    3821    1793    2659    2493    3457    
1814     758    -106     185    -450    1347    1280    1896    2232    1874     584    3166    1548    1779     -38    3719    1017    3503    4018     904    4351    4083    3957    
4024    2129    1622    3184    3130    3442      76    2759    -236    -114    2657     875    2152    1355    3665     239    2626    1661     672     824     290    1874    3833    
2977    2592     658    1542    2256      22    3597    1780    2724    4050    2650    1280    -394    4363    2418      66     375    2625    1899    2011     384    1242    3719    
2826      38    2115    2648     265     436    1906    1341    2402    3094    2177    3879    3580    2067    -388    1612    3950    3334    3654    1263    2596    1788    1121    
2004     893     559    -306    1465    2110     670    -201     206     254    1240    2049     249     795    1526     276     664    3249    1106    3208    2037     540    3433    
1014    1905    2683     776    1248    -130    2625     320    2237    4167       3    1801     550     921    4170    1608    3031    3167    1087    1714    2781    4023    -409    
4146    2618    2036    1092    2975    3782    1839    2993     936    2080    -272     -42    1902    3251    1649    3733    3363    4041     455    1376     -34     381    -111    
3583     -44    4102     -37    4340    1050    -174    1895     229     871    4009     651    2571    -439    3657    -475    3031    3639    2867    3909    3427     463    1205     
556    3288    1858    3890    4157    4119    3653     -91      81    2428    -131     457     419    4318    1236    1592     284    2855    2620    1522    2488     475    2603    
-188    1299    2405    1231    2607     -40    3461    3408     138    2067    -393     971     -72    3699    2323     804    1561    1372    3220    -336    1412     556    3272    
3569    3381     474     751     732    -368    3339    4217    1958    3237      23    1898    1409    2903    4393    1424    3426    3178     176    4138    2799    2111    2303    
1151    1556    1910    4092    3919    -171    1978    2540     316    1827    2617    1233    3150     296    1845    4081    1552    4071    1997    3144    1959    3520    2199     
335    4217    2740    2420     646     -84     313    4482    3889    4197    2348     337    2600    4182    2290    2953     908    1585    1690     340    2689    4305    -279    
3616    2212    1559    1714     524    1881    -417    3444    1479    4353      61    3153    1037     500    1242    2565    3685     227    2078    1280    3965      83    2873     
919    2251      34    1643    1406    3948    1450    3807    1559    1474    -373    3857     -33     177    1659    1435    -261    1232    -448     533    2337    1646    3774    
-360    1134    3737    4339    2285    -281    3833    -374    1809    3301    2484    2837    1153    3710    1181    1977    3151    -409    3428    1640    4083    3444    1034    
3792    3241    1016    -347     -89    3854    1384     920    3508    1032    2825    2051     157     281     150    2327    1508     775    3743    -202     757     779    3995     
364    4204    3556    2138     612    2274     614    -215     -44    3423     406    -406    2105     878    4424    3592     458       0    4196    3625    1703    3423    1850     
292    1852    1777    3771    2539    3950     -37    1353    -269    1893    2414      28    1649     177     779    2540    4373    -126    3703     -98    1371    1829    1213    
3607    -481    3891     298     449    3898     -43    3842    1696    3447    -237    2049    1520    1480    -348    3820     281    1128     978     357    1683     518    4438    
4417    3891    1329     355    1226    3393    1974    1897    1070    1771    3261     253    3946    -404    -162    3028    3488    3291     109    -466     569     225     623    
4140    1610    4210    3066    1631    2624    3308    3162    1272    2485    4106     737    4397    2719    1619    4141    3425    1346    1568      18    3592     -12    2112    
1164    2114    1453     -26     820    3195    -474    1569    1296    1021    3493    2936    3254    1902    2269    3183    4344     760    1599    -239    2124    1478    2969      
22    1357      27    4268    2477    -132    3835     206    2598      80     656    -244    2297     278       4    3603    3975     365     346    1724    -435    1653     374    
-318    2149    3754    3083    2217    2536    4195    1865    4013     631    2746    3523     234    1584    2818    3904    3626    4463    1467    2861     489    1631    2690    
1372    -201     106     746     -54    3117    1922    1144    3897    2705    3920    1828    2670    1419    3449     813    2159     571     184    4207     902     907     622     
106    3077    2259     870    4334    3477    4230       5    3383    2041    3476     624    3168    3015    2766     220    4450    1580    3019    1656    1825    3591    1939    
3321    3231    2100    1729    -483     803    2525    3550    4256    1731    1602    3098    1931    -476    3810    -313    1213    1655    2514     678    4192    4185    1946    
4005     961    2300      31    3746     779    3154    1203    2439    -497    3573    2620    3877    4183     393    1583    1623    -380     257    1568    1370    3142    3653    
3992    -394    3155    -111    2725    1687    3731     438    3409    -372    2105    2852    -156    3337    3037     948      49    4036    3845    -436     142    -109    1347    
3528    -190    1619    2098     851    4010      29      84    4326    1508    2923    1443    3898    1974     829    3924    4168    -312    4350    4476    2358    3337     686    
1826    1887    2995    3087    1932     513    2132    -435    2901    -415    4433    1158    2372    2583    2279     502    4359    1572     961    3170    4246    -454      95    
2542     -28     -16    1258    3531    4426    2087    3548    1505    3755    1278    1636     210    3542    -452    3903    1301    -148    4149    1390    3327    -305     964    
1656    -308     787     553      95    3124    3386     591    -107    3677    2592    2863     630    3132    2746    1493    4467     945    1462    1376    2934     569    4379    
2087    1665      44    2947    2663    -220    2269    1432    1742     214    3216     845     512    2064     713    1693    2801     807    2064    4285    2429    2420     939    
-173    2632    2528    2470    2687     960    2116     394    4047     584    1828    1460    -438     305    2570      26    3850     950     934     -86    2360     -27    3955    
1170    1598    4305    3853    1315    1830    3452    -309    4024    2066     831    4350    2976     582    1161    1819    -230     267     496    1550    2377    1819    3131    
3564    -370    4150    1191      67    2581     452    3189    1557     433     -15    2200    2788    1893      42    2618    1532    2462    -461    1611     722    4165     282    
2534    2488    1653    4360    2526     545    2463     977     458     598    4441    3753    4192    1752     -18    -271    2847     378    -197    4285     412    1543    3410    
1778    1540    1894    4297    -101    3851    1847     166    1725    3383    4018    2161    2959    1096    4130    2169    3056    3510       7    3741    2838    -409    3878      
80    2721    4016    2924    1840    -164    3795    2896    3197    4192    1018    -328    1760    3545    4209    3827    1410    3714    4339    3650    2093     996    4085    
2528    1906     718     296    2326    -425    1128     -17     196    -449    -413    4344    2211    2528    3462    3495    3403    1108    1237    1559      33    3729      33    
2791    1407    -252    4239    4184     120    -288     913    3804    1420    2485    1398    1754    4256    -164     -76    2213    3690    -485    4037     514    1541    -333    
3345    3550    -428     579    2423     129    2010    4451     732      70    1959    -177    2040    1924    4050    -232    3146    4235    3747    1797    1682    4138    1865    
2613     392     -73    1182    2546     547     939     518    2528     104    3751     287     941    2820    3177    2323    3506    2741      55     726    1697    4430     117    
-403    3784    2839    -495    2761    2751    2938    2653      48    1782    3103    2352    4205     913    2783    -283    2324    2767    4156    3747     495     977    4316     
888     469    2021    4046    -289    2306    -278    1356    4449    2343    1580    2828    3621    1329    2458    3198    1346    3238    3838    3813    4353    1111    1075    
3304    1823    2234    1564    4307    3401    1120    3734    3118    2703      56     136     -67    -377    3399    2654     722    -444    3452    4052    2855    1453    2480    
2664     283    4240    2361     996     502    2721     441    4435    4499    -427    2391    3034    2606    4395     248    2578    3507    4076    1379     723     648     920    
1786      36     -46    1097      51    2198      48     964    1211    1435    1187    2726    3043     525    1662    3716     531    4329     783     308    2823    3880     440    
3091     551    3510    2846    4493     262    4348     312    3447    1579    -184    3813    4089    1885    2400     643    1688    2539    1094    2706    4196      71     343     
830    1866     386    4279    2038     357    3715    4295     886    -366    2964    3719    2833    1726    3132     489    2076     173    -297    2211    3473    2473    4212    
2950    2955    4468     799    2401    3316    1935    3101     854    2376       4    1787    2489    3303     233    3932     115    2306    3304    1611    1397    2006    2355    
3361       1    -463    2871    3633    -154    1828     -56    1943    1829    1606    2431     200      -6    1305    1256    3614    3043    3536     569    2658    2589     720    
1078     784    1224    3198    4136     -15    1796    4498    3525    3841    3834    4394    4031     397    4109      66    2018      44     737    2995    3226    1622    4063    
4151    1889    3122    2814    2705    3145    1681     636    3726    2372    1051    1206    3294     762    3368    -463      42     960     821    2993     367      29    1799    
2786     481    4374     177     367    2023    2498     673 
